_viz_ace_editor = nengo_gui.components.AceEditor()
_viz_net_graph = nengo_gui.components.NetGraph()
_viz_sim_control = nengo_gui.components.SimControl()
_viz_config[_viz_sim_control].kept_time = 4.0
_viz_config[_viz_sim_control].shown_time = 0.5
_viz_config[adder].pos=(0.25641743924032717, 0.2674243355881557)
_viz_config[adder].size=(0.24977887454263883, 0.21665505524432)
_viz_config[adder].expanded=True
_viz_config[adder].has_layout=True
_viz_config[adder.am_ensembles[0]].pos=(0.5112359550561798, 0.0510204081632653)
_viz_config[adder.am_ensembles[0]].size=(0.056179775280898875, 0.02551020408163265)
_viz_config[adder.am_ensembles[1]].pos=(0.5112359550561798, 0.2704081632653061)
_viz_config[adder.am_ensembles[1]].size=(0.056179775280898875, 0.02551020408163265)
_viz_config[adder.am_ensembles[2]].pos=(0.5112359550561798, 0.423469387755102)
_viz_config[adder.am_ensembles[2]].size=(0.056179775280898875, 0.02551020408163265)
_viz_config[adder.am_ensembles[3]].pos=(0.5112359550561798, 0.6428571428571428)
_viz_config[adder.am_ensembles[3]].size=(0.056179775280898875, 0.02551020408163265)
_viz_config[adder.am_ensembles[4]].pos=(0.5112359550561798, 0.7959183673469387)
_viz_config[adder.am_ensembles[4]].size=(0.056179775280898875, 0.02551020408163265)
_viz_config[adder.am_ensembles[5]].pos=(0.5112359550561798, 0.9489795918367346)
_viz_config[adder.am_ensembles[5]].size=(0.056179775280898875, 0.02551020408163265)
_viz_config[adder.bias_node].pos=(0.07303370786516855, 0.49744897959183665)
_viz_config[adder.bias_node].size=(0.04494382022471911, 0.02040816326530612)
_viz_config[adder.elem_input].pos=(0.2865168539325843, 0.33928571428571425)
_viz_config[adder.elem_input].size=(0.04494382022471911, 0.02040816326530612)
_viz_config[adder.elem_output].pos=(0.7247191011235955, 0.4260204081632653)
_viz_config[adder.elem_output].size=(0.04494382022471911, 0.02040816326530612)
_viz_config[adder.input].pos=(0.07303370786516855, 0.125)
_viz_config[adder.input].size=(0.04494382022471911, 0.02040816326530612)
_viz_config[adder.output].pos=(0.9269662921348314, 0.4260204081632653)
_viz_config[adder.output].size=(0.04494382022471911, 0.02040816326530612)
_viz_config[adder_out].pos=(0.5910222434684854, 0.07834734929969098)
_viz_config[adder_out].size=(0.06381671181701505, 0.05416376381108)
_viz_config[env_keys].pos=(-0.1720482283899538, 0.2674243355881557)
_viz_config[env_keys].size=(0.051053369453612045, 0.043331011048864)
_viz_config[env_values].pos=(-0.1720482283899538, 0.7440654571256597)
_viz_config[env_values].size=(0.051053369453612045, 0.043331011048864)
_viz_config[error].pos=(0.9383625572261081, 0.6574034350279319)
_viz_config[error].size=(0.06381671181701505, 0.05416376381108)
_viz_config[learning].pos=(-0.1720482283899538, 1.0473825344677077)
_viz_config[learning].size=(0.051053369453612045, 0.043331011048864)
_viz_config[model].pos=(0.5717284778944237, 0.4269744586299872)
_viz_config[model].size=(0.5529253273899523, 0.5529253273899523)
_viz_config[model].expanded=False
_viz_config[model].has_layout=True
_viz_config[recall].pos=(0.6958590523214511, 0.2674243355881557)
_viz_config[recall].size=(0.051053369453612045, 0.043331011048864)
_viz_config[shuffle_node].pos=(0.37064340672993856, -0.2501887732395643)
_viz_config[shuffle_node].size=(0.39664540883190896, 0.04333101104886401)