_viz_ace_editor = nengo_gui.components.AceEditor()
_viz_net_graph = nengo_gui.components.NetGraph()
_viz_sim_control = nengo_gui.components.SimControl()
_viz_config[_viz_sim_control].kept_time = 4.0
_viz_config[_viz_sim_control].shown_time = 0.5
_viz_config[adder].pos=(0.3591549295774648, 0.13157894736842105)
_viz_config[adder].size=(0.07042253521126761, 0.06578947368421052)
_viz_config[env_keys].pos=(0.0915492957746479, 0.13157894736842105)
_viz_config[env_keys].size=(0.05633802816901409, 0.05263157894736842)
_viz_config[env_values].pos=(0.0915492957746479, 0.881578947368421)
_viz_config[env_values].size=(0.05633802816901409, 0.05263157894736842)
_viz_config[error].pos=(0.4533214210636951, 0.4281259086943878)
_viz_config[error].size=(0.07042253521126761, 0.06578947368421052)
_viz_config[learning].pos=(0.21244481816270752, 0.48442861296888595)
_viz_config[learning].size=(0.05633802816901409, 0.05263157894736842)
_viz_config[model].pos=(0, 0)
_viz_config[model].size=(1.0, 1.0)
_viz_config[model].expanded=True
_viz_config[model].has_layout=True
_viz_config[recall].pos=(0.634969518604163, 0.15367839488223325)
_viz_config[recall].size=(0.05633802816901409, 0.05263157894736842)